
  MESMER Unit Tests.
  ------------------

  Test: Chi2 Significance test.
  -----------------------------

  Values for the incomplete Gamma function taken from
  M. Abramowitz and I.A. Stegun, Handbook of Mathematical
  Functions, Dover, 1972, pp. 978-983.


  Deg. of F.    Chi2      Published     Calculated
  ------------------------------------------------

         5         2        0.84915        0.84915
        10         2        0.99634        0.99634
        15         2        0.99997        0.99997

         5         4        0.54942        0.54942
        10         4        0.94735        0.94735
        15         4        0.99774        0.99774
        20         4        0.99995        0.99995

         5         6        0.30622        0.30622
        10         6        0.81526        0.81526
        15         6        0.97975        0.97975
        20         6         0.9989         0.9989
        25         6        0.99997        0.99997

         5         8        0.15624        0.15624
        10         8        0.62884        0.62884
        15         8        0.92378        0.92378
        20         8        0.99187        0.99187
        25         8        0.99949        0.99949
        30         8        0.99998        0.99998

         5        10        0.07524       0.075235
        10        10        0.44049        0.44049
        15        10        0.81974        0.81974
        20        10        0.96817        0.96817
        25        10        0.99665        0.99665
        30        10        0.99977        0.99977

         5        20        0.00125      0.0012497
        10        20        0.02925       0.029253
        15        20        0.17193        0.17193
        20        20        0.45793        0.45793
        25        20        0.74683        0.74683
        30        20        0.91654        0.91654

         5        30         2e-005    1.4749e-005
        10        30        0.00086     0.00085664
        15        30        0.01192       0.011921
        20        30        0.06985       0.069854
        25        30        0.22429        0.22429
        30        30        0.46565        0.46565

        10        40         2e-005    1.6945e-005
        15        40        0.00045      0.0004535
        20        40          0.005      0.0049954
        25        40        0.02916       0.029164
        30        40        0.10486        0.10486

        15        50         1e-005    1.2041e-005
        20        50        0.00022     0.00022148
        25        50        0.00213      0.0021312
        30        50         0.0124       0.012402

        20        60         1e-005    7.1218e-006
        25        60        0.00011     0.00010455
        30        60        0.00092     0.00092068

  Test: Spline class.
  -------------------

  Values for a cubic are calculated on a grid
  and interpolated using the Spline class.


        x(grid)        y(grid)      y(intplt)
  -------------------------------------------
           -1.9          0.741          0.741
           -1.7          1.887          1.887
           -1.5          2.625          2.625
           -1.3          3.003          3.003
           -1.1          3.069          3.069
           -0.9          2.871          2.871
           -0.7          2.457          2.457
           -0.5          1.875          1.875
           -0.3          1.173          1.173
           -0.1          0.399          0.399
            0.1         -0.399         -0.399
            0.3         -1.173         -1.173
            0.5         -1.875         -1.875
            0.7         -2.457         -2.457
            0.9         -2.871         -2.871
            1.1         -3.069         -3.069
            1.3         -3.003         -3.003
            1.5         -2.625         -2.625
            1.7         -1.887         -1.887
            1.9         -0.741         -0.741
            2.1          0.861          0.861

  Test: Sobol random number class.
  --------------------------------

  Sobol: single precision
  -----------------------
              0              0              0
            0.5            0.5            0.5
           0.75           0.25           0.75
           0.25           0.75           0.25
          0.375          0.375          0.625
          0.875          0.875          0.125
          0.625          0.125          0.375
          0.125          0.625          0.875
         0.1875         0.3125         0.3125
         0.6875         0.8125         0.8125
         0.9375         0.0625         0.5625
         0.4375         0.5625         0.0625
         0.3125         0.1875         0.9375
         0.8125         0.6875         0.4375
         0.5625         0.4375         0.1875
         0.0625         0.9375         0.6875
        0.09375        0.46875        0.84375
        0.59375        0.96875        0.34375
        0.84375        0.21875        0.09375
        0.34375        0.71875        0.59375

  Uniform: single precision
  -------------------------
   7
   131537
   755606
   458650
   532767
   218959
   47044
   678865
   679297
   934693
   383502
   519416
   830966
   34572
   53461
   529700
   671150
   7698
   383416
   66842

  Sobol: double precision
  -----------------------
              0              0              0
            0.5            0.5            0.5
           0.75           0.25           0.75
           0.25           0.75           0.25
          0.375          0.375          0.625
          0.875          0.875          0.125
          0.625          0.125          0.375
          0.125          0.625          0.875
         0.1875         0.3125         0.3125
         0.6875         0.8125         0.8125
         0.9375         0.0625         0.5625
         0.4375         0.5625         0.0625
         0.3125         0.1875         0.9375
         0.8125         0.6875         0.4375
         0.5625         0.4375         0.1875
         0.0625         0.9375         0.6875
        0.09375        0.46875        0.84375
        0.59375        0.96875        0.34375
        0.84375        0.21875        0.09375
        0.34375        0.71875        0.59375

  Uniform: double precision
  -------------------------
   7
   131537
   755606
   458650
   532767
   218959
   47044
   678865
   679297
   934693
   383502
   519416
   830966
   34572
   53461
   529700
   671150
   7698
   383416
   66842


  Test: Linear Algebra: double
  ----------------------------

Test matrix 1
{
           -1.5              1              0
              0       -1.66667              1
              1              1              1
}

Inverse of Test matrix 1
{
      -0.533333           -0.2            0.2
            0.2           -0.3            0.3
       0.333333            0.5            0.5
}

Test matrix 2
{
            -13              2              4
              3            -12              6
             10             10            -10
}

Symmetrized test matrix 2
{
            -13        2.44949        6.32456
        2.44949            -12        7.74597
        6.32456        7.74597            -10
}

Eigenvectors of symmetrized test matrix 2
{
       0.447214       0.774597      -0.447214
       0.547723      -0.632456      -0.547723
      -0.707107   2.96059e-016      -0.707107
}

  Eigenvalues:
  ------------
            -20
            -15
    1.5543e-015

Right eigenvectors of test matrix 2
{
            0.2        0.34641           -0.2
            0.3       -0.34641           -0.3
           -0.5   2.09346e-016           -0.5
}

Left eigenvectors of test matrix 2
{
              1              1             -1
        1.73205        -1.1547   4.18691e-016
             -1             -1             -1
}

Check: Left * Right = Identity
{
              1   2.77556e-017              0
  -5.55112e-017              1   5.55112e-017
   1.66533e-016   2.22045e-016              1
}

  Test: Linear Algebra: long-double
  ---------------------------------

Test matrix 1
{
           -1.5              1              0
              0       -1.66667              1
              1              1              1
}

Inverse of Test matrix 1
{
      -0.533333           -0.2            0.2
            0.2           -0.3            0.3
       0.333333            0.5            0.5
}

Test matrix 2
{
            -13              2              4
              3            -12              6
             10             10            -10
}

Symmetrized test matrix 2
{
            -13        2.44949        6.32456
        2.44949            -12        7.74597
        6.32456        7.74597            -10
}

Eigenvectors of symmetrized test matrix 2
{
       0.447214       0.774597      -0.447214
       0.547723      -0.632456      -0.547723
      -0.707107   2.96059e-016      -0.707107
}

  Eigenvalues:
  ------------
            -20
            -15
    1.5543e-015

Right eigenvectors of test matrix 2
{
            0.2        0.34641           -0.2
            0.3       -0.34641           -0.3
           -0.5   2.09346e-016           -0.5
}

Left eigenvectors of test matrix 2
{
              1              1             -1
        1.73205        -1.1547   4.18691e-016
             -1             -1             -1
}

Check: Left * Right = Identity
{
              1   2.77556e-017              0
  -5.55112e-017              1   5.55112e-017
   1.66533e-016   2.22045e-016              1
}

  Test: Linear Algebra: double-double
  -----------------------------------

Test matrix 1
{
 -1.500000e+000  1.000000e+000  0.000000e+000
  0.000000e+000 -1.666667e+000  1.000000e+000
  1.000000e+000  1.000000e+000  1.000000e+000
}

Inverse of Test matrix 1
{
 -5.333333e-001 -2.000000e-001  2.000000e-001
  2.000000e-001 -3.000000e-001  3.000000e-001
  3.333333e-001  5.000000e-001  5.000000e-001
}

Test matrix 2
{
 -1.300000e+001  2.000000e+000  4.000000e+000
  3.000000e+000 -1.200000e+001  6.000000e+000
  1.000000e+001  1.000000e+001 -1.000000e+001
}

Symmetrized test matrix 2
{
 -1.300000e+001  2.449490e+000  6.324555e+000
  2.449490e+000 -1.200000e+001  7.745967e+000
  6.324555e+000  7.745967e+000 -1.000000e+001
}

Eigenvectors of symmetrized test matrix 2
{
  4.472136e-001  7.745967e-001 -4.472136e-001
  5.477226e-001 -6.324555e-001 -5.477226e-001
 -7.071068e-001  2.629536e-032 -7.071068e-001
}

  Eigenvalues:
  ------------
  -2.00000e+001
  -1.50000e+001
  -2.22045e-016

Right eigenvectors of test matrix 2
{
  2.000000e-001  3.464102e-001 -2.000000e-001
  3.000000e-001 -3.464102e-001 -3.000000e-001
 -5.000000e-001  1.859363e-032 -5.000000e-001
}

Left eigenvectors of test matrix 2
{
  1.000000e+000  1.000000e+000 -1.000000e+000
  1.732051e+000 -1.154701e+000  3.718726e-032
 -1.000000e+000 -1.000000e+000 -1.000000e+000
}

Check: Left * Right = Identity
{
  1.000000e+000  4.622232e-033  0.000000e+000
 -1.540744e-033  1.000000e+000 -4.622232e-033
  1.078521e-032  1.540744e-032  1.000000e+000
}

  Test: Linear Algebra: quad-double
  ---------------------------------

Test matrix 1
{
 -1.500000e+000  1.000000e+000  0.000000e+000
  0.000000e+000 -1.666667e+000  1.000000e+000
  1.000000e+000  1.000000e+000  1.000000e+000
}

Inverse of Test matrix 1
{
 -5.333333e-001 -2.000000e-001  2.000000e-001
  2.000000e-001 -3.000000e-001  3.000000e-001
  3.333333e-001  5.000000e-001  5.000000e-001
}

Test matrix 2
{
 -1.300000e+001  2.000000e+000  4.000000e+000
  3.000000e+000 -1.200000e+001  6.000000e+000
  1.000000e+001  1.000000e+001 -1.000000e+001
}

Symmetrized test matrix 2
{
 -1.300000e+001  2.449490e+000  6.324555e+000
  2.449490e+000 -1.200000e+001  7.745967e+000
  6.324555e+000  7.745967e+000 -1.000000e+001
}

Eigenvectors of symmetrized test matrix 2
{
  4.472136e-001  7.745967e-001 -4.472136e-001
  5.477226e-001 -6.324555e-001 -5.477226e-001
 -7.071068e-001  1.342040e-064 -7.071068e-001
}

  Eigenvalues:
  ------------
  -2.00000e+001
  -1.50000e+001
  -2.22045e-016

Right eigenvectors of test matrix 2
{
  2.000000e-001  3.464102e-001 -2.000000e-001
  3.000000e-001 -3.464102e-001 -3.000000e-001
 -5.000000e-001  9.489658e-065 -5.000000e-001
}

Left eigenvectors of test matrix 2
{
  1.000000e+000  1.000000e+000 -1.000000e+000
  1.732051e+000 -1.154701e+000  1.897932e-064
 -1.000000e+000 -1.000000e+000 -1.000000e+000
}

Check: Left * Right = Identity
{
  1.000000e+000  4.747784e-066 -1.008904e-065
 -1.424335e-065  1.000000e+000 -1.839766e-065
  1.424335e-065  4.747784e-066  1.000000e+000
}

  MEIC Test: "Test_Molecule" Harmonic oscillators + rotors.
  ---------------------------------------------------------

     Energy/cm-1                  SoS Cell                 SoS Grain
  ------------------------------------------------------------------
              0,          0.2721655269759,           8.135309041508
            100,           271.1691542327,            266.005281918
            200,           1063.743458115,           1052.403307791
            300,           2654.875090786,           2631.556445596
            400,           5951.041577886,           5906.398887861
            500,           11766.03085067,           11693.64348076
            600,            21185.9323136,           21068.63714055
            700,           36231.48798257,           36045.96919393
            800,           59101.10437413,           58825.66466111
            900,           92532.36174236,           92132.58860005
           1000,           140794.9462959,           140222.4076095
           2000,           3637152.337387,           3627388.000232
           3000,           38645249.69138,           38564283.08055
           4000,           261003043.9772,           260546906.0051
           5000,           1326173810.902,           1324165028.846
           6000,            5525946820.66,           5518509881.464
           7000,           19858822778.41,           19834668608.37
           8000,           63567021469.86,           63496274153.17
           9000,           185275904676.5,           185085423387.8
          10000,           499590772148.6,           499112745071.2
          11000,            1261197982332,            1260068028175
          12000,            3008234873060,            3005698500148
          13000,            6828946225847,            6823504680916
          14000,      1.484074393355e+013,      1.482952710492e+013
          15000,      3.102481072038e+013,      3.100249870695e+013
          16000,        6.2640740528e+013,      6.259775698728e+013
          17000,      1.225657980149e+014,       1.22485354234e+014
          18000,      2.330775320233e+014,      2.329308932111e+014
          19000,      4.318469794909e+014,      4.315860309422e+014
          20000,      7.812590453525e+014,      7.808048257171e+014
          21000,      1.382661153869e+015,      1.381886456999e+015
          22000,      2.397804896935e+015,      2.396508273265e+015
          23000,      4.080643880705e+015,      4.078511331324e+015
          24000,      6.823854445815e+015,      6.820403719003e+015
          25000,      1.122604198932e+016,      1.122054256308e+016
          26000,      1.818769265965e+016,      1.817905210435e+016
          27000,      2.904666166561e+016,      2.903326598086e+016
          28000,      4.576751847555e+016,       4.57470100054e+016
          29000,      7.120359384538e+016,      7.117256527804e+016
          30000,      1.094563332288e+017,      1.094099097191e+017

  MEIC Test: "Test_Molecule" Harmonic oscillators only.
  -----------------------------------------------------

     Energy/cm-1                  SoS Cell                 SoS Grain
  ------------------------------------------------------------------
              0,                        1,                        1
            100,                        2,                        2
            200,                        3,                        3
            300,                        6,                        6
            400,                       10,                       10
            500,                       15,                       15
            600,                       24,                       23
            700,                       37,                       36
            800,                       51,                       51
            900,                       72,                       72
           1000,                      102,                      101
           2000,                     1421,                     1415
           3000,                    10455,                    10434
           4000,                    53977,                    53892
           5000,                   221815,                   221518
           6000,                   775407,                   774485
           7000,                  2397197,                  2394605
           8000,                  6722941,                  6716290
           9000,                 17410352,                 17394410
          10000,                 42176832,                 42140767
          11000,                 96519907,                 96442540
          12000,                210261021,                210102109
          13000,                438682965,                438369087
          14000,                880943471,                880345173
          15000,               1709750702,               1708644055
          16000,               3218086235,               3216097743
          17000,               5891262336,               5887778036
          18000,              10515960570,              10509993184
          19000,              18342397632,              18332396499
          20000,              31321740352,              31305299027
          21000,              52448630509,              52422084789
          22000,              86248763785,              86206617574
          23000,             139464362778,             139398471768
          24000,             222006711199,             221905183236
          25000,             348265626907,             348111289083
          26000,             538891492730,             538659824001
          27000,             823197538405,             822853912593
          28000,            1242369663927,            1241865646801
          29000,            1853719478089,            1852987972381
          30000,            2736275451823,            2735224317606

  MEIC Test: "AcO2_Harmonic" Harmonic oscillators + rotors.
  ---------------------------------------------------------

     Energy/cm-1                  SoS Cell                 SoS Grain
  ------------------------------------------------------------------
              0,                       10,                      508
            100,                    18112,                    17845
            200,                    63641,                    62766
            300,                   160712,                   159468
            400,                   348054,                   345286
            500,                   650624,                   646437
            600,                  1168526,                  1162851
            700,                  1989387,                  1979659
            800,                  3258870,                  3242835
            900,                  5154658,                  5132311
           1000,                  7903639,                  7866609
           2000,                235621062,                234946329
           3000,               2987871731,               2980993276
           4000,              24182613687,              24136116028
           5000,             146448970033,             146202233703
           6000,             720907954465,             719823408285
           7000,            3032152012382,            3028002404829
           8000,      1.125909262719e+013,      1.124494186005e+013
           9000,      3.776214862912e+013,      3.771817582544e+013
          10000,      1.163193968379e+014,       1.16193024625e+014
          11000,      3.332515345257e+014,      3.329118415263e+014
          12000,      8.967737973953e+014,      8.959120939596e+014
          13000,      2.284458612742e+015,       2.28238092591e+015
          14000,      5.544116851952e+015,      5.539327754893e+015
          15000,      1.288566267159e+016,      1.287505845635e+016
          16000,      2.880783660934e+016,      2.878519110989e+016
          17000,      6.218075079553e+016,      6.213395021388e+016
          18000,      1.299934021242e+017,       1.29899527219e+017
          19000,      2.639347615495e+017,      2.637515382844e+017
          20000,      5.216955418837e+017,      5.213468049918e+017
          21000,      1.005982088884e+018,      1.005333536221e+018
          22000,      1.895903772244e+018,      1.894723279764e+018
          23000,      3.497883389966e+018,      3.495777125361e+018
          24000,      6.326896002843e+018,       6.32320722575e+018
          25000,      1.123414495735e+019,      1.122779602465e+019
          26000,       1.96048846989e+019,      1.959413382556e+019
          27000,      3.366087207869e+019,      3.364294363493e+019
          28000,      5.691703393666e+019,      5.688756337309e+019
          29000,      9.486291357592e+019,      9.481512348225e+019
          30000,      1.559683118288e+020,      1.558918020839e+020

  MEIC Test: "AcO2_Harmonic" Harmonic oscillators only.
  -----------------------------------------------------

     Energy/cm-1                  SoS Cell                 SoS Grain
  ------------------------------------------------------------------
              0,                        1,                        1
            100,                        1,                        1
            200,                        3,                        3
            300,                        4,                        4
            400,                        7,                        7
            500,                       13,                       13
            600,                       18,                       18
            700,                       29,                       29
            800,                       42,                       42
            900,                       61,                       61
           1000,                       85,                       85
           2000,                     1445,                     1433
           3000,                    13070,                    13044
           4000,                    82654,                    82508
           5000,                   410242,                   409583
           6000,                  1710111,                  1707645
           7000,                  6228219,                  6220495
           8000,                 20368118,                 20344525
           9000,                 60945752,                 60880658
          10000,                169235266,                169065684
          11000,                440793709,                440380832
          12000,               1086042778,               1085084192
          13000,               2548318291,               2546194310
          14000,               5726025433,               5721490459
          15000,              12377432884,              12368096706
          16000,              25837750929,              25819120002
          17000,              52256878075,              52220789240
          18000,             102686620526,             102618544763
          19000,             196525825204,             196400555405
          20000,             367096371036,             366870994222
          21000,             670506581366,             670109501415
          22000,            1199506477275,            1198820268419
          23000,            2104813751410,            2103649047618
          24000,            3627468136146,            3625524200334
          25000,            6147262743047,            6144068853300
          26000,      1.025433340549e+013,      1.024916269735e+013
          27000,      1.685374000742e+013,      1.684548425039e+013
          28000,      2.731655945747e+013,      2.730354911952e+013
          29000,       4.36959110262e+013,      4.367565906716e+013
          30000,      6.903279303341e+013,      6.900163402632e+013

  MEIC Test: "AcO2_Anharmonic" Anharmonic oscillators + rotors.
  -------------------------------------------------------------

     Energy/cm-1                  SoS Cell                 SoS Grain
  ------------------------------------------------------------------
              0,                       10,                      508
            100,                    18112,                    17845
            200,                    63641,                    62766
            300,                   160712,                   159468
            400,                   348680,                   345738
            500,                   651320,                   647681
            600,                  1171858,                  1165477
            700,                  1996625,                  1984435
            800,                  3269967,                  3255378
            900,                  5176526,                  5156362
           1000,                  7944331,                  7907921
           2000,                238542711,                237874627
           3000,               3046076663,               3039142614
           4000,              24820285720,              24772301926
           5000,             151295425711,             151039007107
           6000,             749593371869,             748459157537
           7000,            3172934178696,            3168570834451
           8000,      1.185601078266e+013,      1.184103443373e+013
           9000,      4.001049992897e+013,      3.996366731993e+013
          10000,      1.239970101903e+014,      1.238615543563e+014
          11000,      3.573828743878e+014,      3.570164764049e+014
          12000,      9.674111241822e+014,      9.664758772782e+014
          13000,      2.478818505875e+015,       2.47654961952e+015
          14000,      6.050578614343e+015,      6.045317217406e+015
          15000,      1.414317806604e+016,      1.413145857677e+016
          16000,      3.179815850791e+016,      3.177298339123e+016
          17000,      6.902019419625e+016,      6.896786117861e+016
          18000,      1.450943601222e+017,      1.449887779797e+017
          19000,       2.96221788491e+017,      2.960145264602e+017
          20000,       5.88725417677e+017,      5.883286638564e+017
          21000,      1.141423836486e+018,      1.140681778582e+018
          22000,      2.162824742981e+018,      2.161466386717e+018
          23000,      4.011875413025e+018,      4.009438110597e+018
          24000,      7.295580818216e+018,      7.291288263893e+018
          25000,      1.302349103384e+019,      1.301606148646e+019
          26000,      2.284873175565e+019,      2.283608071131e+019
          27000,      3.943907689386e+019,      3.941786203692e+019
          28000,      6.704111673218e+019,      6.700604999312e+019
          29000,      1.123279599379e+020,       1.12270779213e+020
          30000,      1.856589027352e+020,      1.855668515001e+020

  MEIC Test: "AcO2_Anharmonic" Anharmonic oscillators only.
  ---------------------------------------------------------

     Energy/cm-1                  SoS Cell                 SoS Grain
  ------------------------------------------------------------------
              0,                        1,                        1
            100,                        1,                        1
            200,                        3,                        3
            300,                        4,                        4
            400,                        7,                        7
            500,                       13,                       13
            600,                       18,                       18
            700,                       29,                       29
            800,                       42,                       42
            900,                       62,                       62
           1000,                       86,                       86
           2000,                     1466,                     1463
           3000,                    13398,                    13373
           4000,                    85220,                    85095
           5000,                   426280,                   425634
           6000,                  1789787,                  1787337
           7000,                  6564074,                  6556037
           8000,                 21612090,                 21587368
           9000,                 65099468,                 65030602
          10000,                181950968,                181769871
          11000,                476968618,                476523339
          12000,               1182623263,               1181579607
          13000,               2792300003,               2789964798
          14000,               6313014250,               6307992486
          15000,              13729665656,              13719250196
          16000,              28833915781,              28812997030
          17000,              58666351099,              58625567234
          18000,             115967377413,             115889948786
          19000,             223254365981,             223110973484
          20000,             419472068205,             419212424081
          21000,             770645562531,             770185189311
          22000,            1386662278392,            1385861658507
          23000,            2447301759539,            2445934419004
          24000,            4242031216203,            4239734979193
          25000,            7230033643406,            7226237854212
          26000,      1.212962192876e+013,      1.212343922557e+013
          27000,      2.004986287882e+013,      2.003993135291e+013
          28000,      3.268220300756e+013,      3.266645703744e+013
          29000,      5.257654962107e+013,      5.255189126748e+013
          30000,      8.353513959375e+013,      8.349697193992e+013

  MEIC Test: "AcO2_Anharmonic" Rotors only.
  -----------------------------------------

     Energy/cm-1                  SoS Cell                 SoS Grain
  ------------------------------------------------------------------
              0,                       10,                      508
            100,                    18112,                    17845
            200,                    51425,                    50987
            300,                    94522,                    94016
            400,                   145069,                   144349
            500,                   202318,                   201703
            600,                   265773,                   265773
            700,                   336035,                   335777
            800,                   411134,                   410058
            900,                   488985,                   488071
           1000,                   573889,                   572077
           2000,                  1618537,                  1617669
           3000,                  2977043,                  2974429
           4000,                  4577992,                  4577382
           5000,                  6398719,                  6396023
           6000,                  8412585,                  8411859
           7000,                 10599090,                 10597694
           8000,                 12948174,                 12946686
           9000,                 15453091,                 15450181
          10000,                 18100313,                 18098397
          11000,                 20875629,                 20872451
          12000,                 23782647,                 23778171
          13000,                 26827896,                 26824526
          14000,                 29976262,                 29972428
          15000,                 33248129,                 33242159
          16000,                 36636750,                 36632876
          17000,                 40120149,                 40117873
          18000,                 43711079,                 43709989
          19000,                 47398145,                 47392605
          20000,                 51190121,                 51187345
          21000,                 55082787,                 55078709
          22000,                 59062432,                 59057020
          23000,                 63133775,                 63125697
          24000,                 67293536,                 67290368
          25000,                 71541261,                 71534781
          26000,                 75882468,                 75874438
          27000,                 80300818,                 80299192
          28000,                 84797192,                 84793844
          29000,                 89376717,                 89370650
          30000,                 94036831,                 94025999

  MEIC Test: "AcO2_Asymmetric_Top" Rotors only.
  ---------------------------------------------

     Energy/cm-1                  SoS Cell                 SoS Grain
  ------------------------------------------------------------------
              0,                       10,                      542
            100,                    18127,                    18017
            200,                    51625,                    51301
            300,                    94127,                    93760
            400,                   145006,                   145006
            500,                   203465,                   202760
            600,                   266479,                   265801
            700,                   336216,                   335863
            800,                   411246,                   410996
            900,                   489771,                   489099
           1000,                   573897,                   572842
           2000,                  1624937,                  1623791
           3000,                  2981613,                  2981199
           4000,                  4590196,                  4589454
           5000,                  6412842,                  6411642
           6000,                  8429351,                  8427843
           7000,                 10620217,                 10619343
           8000,                 12978041,                 12978041
           9000,                 15490705,                 15487723
          10000,                 18136231,                 18132451
          11000,                 20927817,                 20925195
          12000,                 23844245,                 23843131
          13000,                 26883722,                 26880103
          14000,                 30049943,                 30045115
          15000,                 33324777,                 33321615
          16000,                 36708082,                 36700662
          17000,                 40200848,                 40198083
          18000,                 43813183,                 43809033
          19000,                 47500386,                 47497678
          20000,                 51304086,                 51299904
          21000,                 55201131,                 55198147
          22000,                 59189745,                 59184117
          23000,                 63269924,                 63268526
          24000,                 67453322,                 67441422
          25000,                 71690046,                 71690046
          26000,                 76039812,                 76038282
          27000,                 80480605,                 80472719
          28000,                 84993563,                 84991829
          29000,                 89581921,                 89573855
          30000,                 94250146,                 94246846

  MEIC Test: "Ethane" Hindered Rotor only.
  ----------------------------------------

  State values should be compared with:
  Waage & Rabinovitch, IJCK, 3, 105 (1971)


Hindered rotor states (cm-1).

        150.761
        150.766
        150.766
         438.32
         438.32
        438.547
        692.492
         696.22
         696.22
        900.368
        900.368
        931.272
         1034.7
        1108.81
        1108.81
        1250.77
        1250.77
        1417.56
        1421.41
        1614.55
        1614.55
        1833.47
        1833.47
        2075.33
        2075.35
        2339.65
        2339.65
        2626.08
        2626.08
        2934.44
        2934.44
         3264.6
         3264.6
        3616.47
        3616.47
        3989.98
        3989.98
        4385.08
        4385.08
        4801.74
        4801.74
        5239.93
        5239.93
        5699.62
        5699.62
        6180.81
        6180.81
        6683.47
        6683.47
         7207.6
         7207.6
        7753.19
        7753.19
        8320.22
        8320.22
        8908.71
        8908.71
        9518.63
        9518.63
          10150
          10150
        10802.8
        10802.8
          11477
          11477
        12172.7
        12172.7
        12889.7
        12889.7
        13628.2
        13628.2
        14388.2
        14388.2
        15169.5
        15169.5
        15972.3
        15972.3
        16796.5
        16796.5
        17642.1
        17642.1
        18509.1
        18509.1
        19397.5
        19397.5
        20307.4
        20307.4
        21238.6
        21238.6
        22191.3
        22191.3
        23165.4
        23165.4
        24160.9
        24160.9
        25177.9
        25177.9
        26216.2
        26216.2
          27276
          27276
        28357.1
        28357.1
        29459.7
        29459.7
        30583.7
        30583.7
        31729.1
        31729.1
        32895.9
        32895.9
        34084.1
        34084.1
        35293.8
        35293.8
        36524.8
        36524.8
        37777.3
        37777.3
        39051.2
        39051.2
        40346.5
        40346.5
        41663.2
        41663.2
        43001.3
        43001.3
        44360.8
        44360.8
        45741.8
        45741.8
        47144.1
        47144.1
        48582.7
        48582.7
        50027.7
        50027.7
          51494
          51494


  QD Unit Tests.
  --------------

  double-double tests:
  --------------------

Test 1.  (Polynomial).
Root Found:  x  = -7.1453772716733489700000161162586e-01
           p(x) = -2.4651903288156618919116517665088e-32
Test passed.

Test 2.  (Machin's Formula for Pi).
22 Iterations
7 Iterations
   pi = 3.1415926535897932384626433832795e+00
  _pi = 3.1415926535897932384626433832795e+00
error = 4.93038e-32 = 1 eps
Test passed.

Test 3.  (Salamin-Brent Quadratic Formula for Pi).
Iteration  0: 4.0000000000000000000000000000000e+00
Iteration  1: 3.1876726427121086272019299705254e+00
Iteration  2: 3.1416802932976532939180704245602e+00
Iteration  3: 3.1415926538954464960029147588177e+00
Iteration  4: 3.1415926535897932384663606027057e+00
Iteration  5: 3.1415926535897932384626433832787e+00
Iteration  6: 3.1415926535897932384626433832786e+00
         _pi: 3.1415926535897932384626433832795e+00
       error: 9.1212e-31 = 18.5 eps
Test passed.

Test 4.  (Borwein Quartic Formula for Pi).
Iteration  0: 2.9142135623730950488016887242087e+00
Iteration  1: 3.1415926462135422821493444319819e+00
Iteration  2: 3.1415926535897932384626433832783e+00
