          Angle         Potential          Series
              0,               0,         1.61897
       0.261799,         126.059,         89.9123
       0.523599,         352.518,         300.045
       0.785398,         550.664,         504.709
         1.0472,         607.401,         584.084
          1.309,         487.236,         492.836
         1.5708,         257.416,         283.047
         1.8326,         54.2956,         77.3637
         2.0944,               0,       -0.814756
        2.35619,         126.059,         94.7005
        2.61799,         352.518,         303.913
        2.87979,         550.209,         503.932
        3.14159,         608.657,          584.74
        3.40339,          500.46,         503.932
        3.66519,         280.397,         303.913
        3.92699,         70.2876,         94.7005
        4.18879,               0,       -0.814756
        4.45059,         106.009,         77.3637
        4.71239,         331.378,         283.047
        4.97419,         540.987,         492.836
        5.23599,          609.33,         584.084
        5.49779,          499.47,         504.709
        5.75959,         273.154,         300.045
        6.02139,         63.2197,         89.9123
        6.28319,               0,         1.61897

          Angle         Potential          Series
              0,               0,         41.3551
       0.261799,         146.086,         114.733
       0.523599,         437.951,         347.843
       0.785398,         637.211,          759.81
         1.0472,         1173.28,         1306.49
          1.309,         1760.42,         1805.92
         1.5708,         2226.31,         1988.51
         1.8326,         2301.32,         1703.43
         2.0944,         1659.46,         1085.94
        2.35619,         1069.24,         471.738
        2.61799,         38.7256,         119.496
        2.87979,         7.00497,          29.049
        3.14159,         103.303,         31.4315
        3.40339,         44.4522,          29.049
        3.66519,        0.747092,         119.496
        3.92699,          144.33,         471.738
        4.18879,         547.794,         1085.94
        4.45059,         1191.63,         1703.43
        4.71239,         1881.67,         1988.51
        4.97419,         2157.74,         1805.92
        5.23599,         1448.84,         1306.49
        5.49779,         877.527,          759.81
        5.75959,         403.563,         347.843
        6.02139,         94.2011,         114.733
        6.28319,               0,         41.3551

          Angle         Potential          Series
       -6.28319,       0.0849367,         3.68577
       -6.02139,          360.69,         286.532
       -5.75959,         1194.42,         926.995
       -5.49779,         2002.82,         1516.51
       -5.23599,         2373.93,         1796.41
       -4.97419,         2180.66,         1738.72
       -4.71239,         1537.04,         1433.65
       -4.45059,         740.703,          1048.3
       -4.18879,          235.34,         806.608
       -3.92699,          285.86,         843.414
       -3.66519,         729.268,         1080.59
       -3.40339,         1202.21,         1318.54
       -3.14159,         1471.42,         1411.85
       -2.87979,         1545.39,         1318.54
       -2.61799,         1518.27,         1080.59
       -2.35619,         1473.95,         843.414
        -2.0944,         1446.45,         806.608
        -1.8326,         1440.23,          1048.3
        -1.5708,         1450.35,         1433.65
         -1.309,         1442.87,         1738.72
        -1.0472,         1369.83,         1796.41
      -0.785398,         1152.07,         1516.51
      -0.523599,         739.444,         926.995
      -0.261799,           240.1,         286.532
              0,               0,         3.68577

          Angle         Potential          Series
       -6.28319,        0.320213,        0.459022
       -6.02139,         81.6296,         74.5073
       -5.75959,         272.614,         255.558
       -5.49779,         463.978,         441.296
       -5.23599,         545.423,         523.682
       -4.97419,         462.404,         452.814
       -4.71239,         259.404,         269.517
       -4.45059,         67.2709,         82.0083
       -4.18879,         0.67247,        0.836818
       -3.92699,         94.2806,          73.752
       -3.66519,         291.715,         258.115
       -3.40339,         477.601,         445.052
       -3.14159,         544.858,         522.983
       -2.87979,         449.761,         445.052
       -2.61799,         245.464,         258.115
       -2.35619,         59.5187,          73.752
        -2.0944,         1.73122,        0.836818
        -1.8326,         102.936,         82.0083
        -1.5708,         301.663,         269.517
         -1.309,         482.239,         452.814
        -1.0472,         544.756,         523.682
      -0.785398,         455.057,         441.296
      -0.523599,         260.548,         255.558
      -0.261799,         73.4481,         74.5073
              0,               0,        0.459022

          Angle         Potential          Series
       -6.28319,       0.0125101,         4.08229
       -6.02139,         39.2739,         73.3771
       -5.75959,         127.782,         238.148
       -5.49779,         181.533,         413.064
       -5.23599,         191.146,         544.478
       -4.97419,         185.106,         627.339
       -4.71239,         214.672,         669.027
       -4.45059,         303.785,         664.668
       -4.18879,         414.222,         606.459
       -3.92699,         475.729,         499.758
       -3.66519,         447.814,         369.467
       -3.40339,         344.188,         258.985
       -3.14159,         228.775,         215.142
       -2.87979,         192.666,         258.985
       -2.61799,         314.183,         369.467
       -2.35619,         572.719,         499.758
        -2.0944,         851.912,         606.459
        -1.8326,         1073.61,         664.668
        -1.5708,         1179.57,         669.027
         -1.309,         1128.53,         627.339
        -1.0472,         940.677,         544.478
      -0.785398,         671.797,         413.064
      -0.523599,         376.248,         238.148
      -0.261799,         115.668,         73.3771
              0,               0,         4.08229

          Angle         Potential          Series
              0,               0,        -6.71125
       0.174533,         53.9254,         51.8183
       0.349066,         206.432,         201.398
       0.523599,         435.781,         390.777
       0.698132,         520.213,         594.603
       0.872665,         752.852,         831.794
         1.0472,         1027.38,         1126.48
        1.22173,         1332.83,         1448.07
        1.39626,         1651.28,         1694.65
         1.5708,          1941.5,         1747.81
        1.74533,         1648.67,         1559.23
        1.91986,         1267.31,         1195.44
         2.0944,         879.174,         800.331
        2.26893,         559.784,          505.26
        2.44346,         347.936,         358.689
        2.61799,         250.189,         324.675
        2.79253,         251.335,         336.531
        2.96706,          323.17,         349.873
        3.14159,           417.8,          353.91
        3.31613,          398.15,         349.873
        3.49066,         372.511,         336.531
        3.66519,         370.487,         324.675
        3.83972,         419.919,         358.689
        4.01426,         551.107,          505.26
        4.18879,         783.469,         800.331
        4.36332,         1106.87,         1195.44
        4.53786,            1476,         1559.23
        4.71239,         1804.11,         1747.81
        4.88692,         1831.62,         1694.65
        5.06145,         1571.43,         1448.07
        5.23599,         1281.28,         1126.48
        5.41052,         1003.38,         831.794
        5.58505,         669.876,         594.603
        5.75959,         399.745,         390.777
        5.93412,         186.505,         201.398
        6.10865,         48.0017,         51.8183
        6.28319,        0.659082,        -6.71125

          Angle         Potential          Series
              0,               0,        -5.77122
       0.174533,               0,         28.2852
       0.349066,         56.3326,         122.534
       0.523599,         150.135,          257.22
       0.698132,         238.338,          409.13
       0.872665,         296.261,         557.252
         1.0472,          323.55,         682.717
        1.22173,         332.146,         767.064
        1.39626,         345.584,         795.043
         1.5708,          383.25,         762.667
        1.74533,         454.023,          683.51
        1.91986,         549.062,         585.128
         2.0944,         648.935,         495.234
        2.26893,         727.182,         427.162
        2.44346,         757.386,         376.268
        2.61799,         717.525,         330.185
        2.79253,         604.698,         283.804
        2.96706,         431.878,         245.688
        3.14159,         232.977,         230.592
        3.31613,          49.235,         245.688
        3.49066,               0,         283.804
        3.66519,               0,         330.185
        3.83972,               0,         376.268
        4.01426,          111.52,         427.162
        4.18879,          373.12,         495.234
        4.36332,          677.49,         585.128
        4.53786,         964.327,          683.51
        4.71239,          1175.7,         762.667
        4.88692,         1271.19,         795.043
        5.06145,         1236.96,         767.064
        5.23599,         1090.93,         682.717
        5.41052,         867.682,         557.252
        5.58505,         602.629,          409.13
        5.75959,         360.495,          257.22
        5.93412,         185.031,         122.534
        6.10865,         67.1066,         28.2852
        6.28319,               0,        -5.77122

          Angle         Potential          Series
              0,               0,         11.1591
       0.261799,         207.901,         224.291
       0.523599,         718.828,         789.816
       0.785398,         1273.05,         1525.25
         1.0472,         1632.96,          2181.7
          1.309,         1723.33,          2476.3
         1.5708,         1652.63,         2256.74
         1.8326,         1603.68,          1706.9
         2.0944,          1696.9,         1238.49
        2.35619,         1866.92,         1084.55
        2.61799,         1905.55,         1123.24
        2.87979,         1663.88,            1153
        3.14159,         1193.71,         1149.47
        3.40339,         724.393,            1153
        3.66519,         484.766,         1123.24
        3.92699,         335.985,         1084.55
        4.18879,         910.063,         1238.49
        4.45059,         1954.72,          1706.9
        4.71239,         3046.38,         2256.74
        4.97419,         3423.18,          2476.3
        5.23599,         2924.64,          2181.7
        5.49779,         1911.48,         1525.25
        5.75959,         902.805,         789.816
        6.02139,         285.156,         224.291
        6.28319,               0,         11.1591

          Angle         Potential          Series
       -6.28319,       0.0144853,        -2.16285
       -6.02139,         94.7529,         78.6653
       -5.75959,         428.623,          317.92
       -5.49779,         1006.67,         690.002
       -5.23599,         1705.36,         1125.43
       -4.97419,         2342.48,         1521.65
       -4.71239,         2766.09,         1782.55
       -4.45059,         2873.62,         1855.94
       -4.18879,         2649.29,         1752.34
       -3.92699,          2242.2,         1540.55
       -3.66519,         1804.14,         1316.08
       -3.40339,         1421.22,         1156.85
       -3.14159,         1143.64,         1100.84
       -2.87979,         990.127,         1156.85
       -2.61799,         943.758,         1316.08
       -2.35619,         962.757,         1540.55
        -2.0944,         997.006,         1752.34
        -1.8326,         1001.35,         1855.94
        -1.5708,         945.431,         1782.55
         -1.309,           822.1,         1521.65
        -1.0472,         643.548,         1125.43
      -0.785398,         433.691,         690.002
      -0.523599,         228.814,          317.92
      -0.261799,         68.5263,         78.6653
              0,               0,        -2.16285

          Angle         Potential          Series
              0,               0,        0.851196
       0.174533,         38.1889,         60.9668
       0.349066,          155.46,         226.255
       0.523599,         303.544,          457.68
       0.698132,          450.36,         707.097
       0.872665,         582.932,         932.773
         1.0472,         696.822,         1108.42
        1.22173,         789.583,          1223.8
        1.39626,         858.217,         1280.08
         1.5708,         900.483,         1284.64
        1.74533,         917.338,         1247.91
        1.91986,         911.042,         1181.98
         2.0944,          886.58,          1099.3
        2.26893,         850.814,         1011.02
        2.44346,         810.902,          925.89
        2.61799,         774.579,         850.559
        2.79253,         749.519,         790.742
        2.96706,         742.811,         751.884
        3.14159,         759.595,         738.357
        3.31613,         803.347,         751.884
        3.49066,         874.755,         790.742
        3.66519,         972.378,         850.559
        3.83972,         1092.45,          925.89
        4.01426,         1228.89,         1011.02
        4.18879,         1374.07,          1099.3
        4.36332,         1517.88,         1181.98
        4.53786,         1646.22,         1247.91
        4.71239,         1739.27,         1284.64
        4.88692,         1775.11,         1280.08
        5.06145,         1727.57,          1223.8
        5.23599,         1580.81,         1108.42
        5.41052,         1332.01,         932.773
        5.58505,         1002.82,         707.097
        5.75959,         639.321,          457.68
        5.93412,         310.842,         226.255
        6.10865,         86.4106,         60.9668
        6.28319,               0,        0.851196

          Angle         Potential          Series
              0,               0,        -12.6327
       0.174533,         110.729,         86.8142
       0.349066,         531.275,         389.675
       0.523599,         1333.07,         884.515
       0.698132,         2422.74,          1497.3
       0.872665,         3499.98,         2080.17
         1.0472,         4174.47,         2464.43
        1.22173,         4214.17,         2547.23
        1.39626,         3735.19,         2346.53
         1.5708,         3023.19,         1981.69
        1.74533,         2290.61,         1596.74
        1.91986,         1658.06,         1285.82
         2.0944,         1207.48,         1070.47
        2.26893,         961.798,         929.333
        2.44346,          867.19,         840.033
        2.61799,         846.266,         795.112
        2.79253,         844.424,         789.087
        2.96706,         836.546,         803.459
        3.14159,          818.72,         812.388
        3.31613,         802.389,         803.459
        3.49066,           800.6,         789.087
        3.66519,         820.325,         795.112
        3.83972,          860.14,         840.033
        4.01426,         912.001,         929.333
        4.18879,         964.775,         1070.47
        4.36332,         1009.02,         1285.82
        4.53786,         1038.64,         1596.74
        4.71239,         1049.76,         1981.69
        4.88692,          1038.8,         2346.53
        5.06145,           999.8,         2547.23
        5.23599,         925.314,         2464.43
        5.41052,         808.551,         2080.17
        5.58505,         648.554,          1497.3
        5.75959,         455.754,         884.515
        5.93412,         252.804,         389.675
        6.10865,          79.493,         86.8142
        6.28319,               0,        -12.6327

          Angle         Potential          Series
       -5.23599,         288.952,         413.435
       -4.71239,          465.27,          342.67
       -4.18879,         525.701,         424.813
       -3.66519,         474.568,         368.837
       -3.14159,         409.148,         400.092
       -2.61799,         373.146,         368.837
        -2.0944,         346.159,         424.813
        -1.5708,         325.749,          342.67
        -1.0472,          268.34,         413.435
      -0.523599,         117.671,         69.0007
              0,               0,         22.4163
       0.523599,          80.399,         69.0007
         1.0472,         289.915,         413.435


Eq fraction matrix:
{
 -1.6578e+027            1            0
            0 -3.0953e-011            1
            1            1            1
}
inverse of Eq fraction matrix:
{
 -6.0322e-028 -6.0322e-028  6.0322e-028
  6.0322e-028           -1            1
  1.8672e-038            1  3.0953e-011
}
Equilibrium Fraction for CH3OCH2 = 6.03217e-028
Equilibrium Fraction for IM1 = 1
Equilibrium Fraction for IM2 = 3.09535e-011

Bartis Widom eigenvalue/eigenvector analysis

Number of sinks in this system: 3

There should be 3 chemically significant eigenvalues (CSEs)
row 572 of the U*U^(-1) matrix does not equal unity. It sums to -1.515121e+09

Y_matrix:
{
 -1.156498e-012 -3.577014e-011 -2.068584e-016
 -1.124244e-018 -3.248286e-022 -2.921565e-027
 -1.924879e-019 -2.872816e-023 -2.794602e-028
}

Z_matrix: {
-2.456047e-14	-2.754525e-23	-6.030486e-28	
1.825203e-14	5.618763e-06	-1.000000e+00	
6.239714e-15	-5.563585e-06	-3.126046e-11	
}

Z_matrix^(-1):
{
-4.071583e+13	1.825203e-14	2.015836e-04	
-4.566392e+04	5.618763e-06	-1.797402e+05	
-9.997211e-01	-1.000000e+00	-1.009918e+00	
}

Z_matrix * Z_matrix^(-1) [Identity matrix]:
{
1.000000e+00	-9.204550e-92	-2.621009e-82	
-1.329379e-64	1.000000e+00	-4.747784e-65	
-2.683081e-65	-1.105430e-75	1.000000e+00	
}

Kr matrix:
{
-1.445126e+05	8.654944e-23	1.915214e-14	
1.434798e+05	-2.794765e-05	1.420391e+05	
9.827735e+02	4.396606e-06	-1.406443e+05	
}

Kp matrix:
{
  4.708776e+001  5.874450e-018  6.429333e-006
  4.577453e-005  1.096410e-027  5.838454e-017
  7.837306e-006  1.180400e-028  5.163567e-018
}

First order & pseudo first order rate coefficients for loss rxns:
{
CH3OCH2 loss = -1.445126e+05
IM1 loss = -2.794765e-05
IM2 loss = -1.406443e+05
}

First order & pseudo first order rate coefficients for isomerization rxns:
{
CH3OCH2 -> IM1 = 1.434798e+05
CH3OCH2 -> IM2 = 9.827735e+02
IM1 -> CH3OCH2 = 8.654944e-23
IM1 -> IM2 = 4.396606e-06
IM2 -> CH3OCH2 = 1.915214e-14
IM2 -> IM1 = 1.420391e+05
}

First order & pseudo first order rate coefficients for irreversible rxns:
{
CH3OCH2 -> OH-1+CH2O+CH2O = 4.708776e+01
IM1 -> OH-1+CH2O+CH2O = 5.874450e-18
IM2 -> OH-1+CH2O+CH2O = 6.429333e-06
CH3OCH2 -> OH-2+CH2O+CH2O = 4.577453e-05
IM1 -> OH-2+CH2O+CH2O = 1.096410e-27
IM2 -> OH-2+CH2O+CH2O = 5.838454e-17
CH3OCH2 -> OH-3+cycCH2OCH2O = 7.837306e-06
IM1 -> OH-3+cycCH2OCH2O = 1.180400e-28
IM2 -> OH-3+cycCH2OCH2O = 5.163567e-18
}


Eq fraction matrix:
{
 -1.6578e+027            1            0
            0 -3.0953e-011            1
            1            1            1
}
inverse of Eq fraction matrix:
{
 -6.0322e-028 -6.0322e-028  6.0322e-028
  6.0322e-028           -1            1
  1.8672e-038            1  3.0953e-011
}
Equilibrium Fraction for CH3OCH2 = 6.03217e-028
Equilibrium Fraction for IM1 = 1
Equilibrium Fraction for IM2 = 3.09535e-011

Bartis Widom eigenvalue/eigenvector analysis

Number of sinks in this system: 3

There should be 3 chemically significant eigenvalues (CSEs)
row 572 of the U*U^(-1) matrix does not equal unity. It sums to -6.046925e+06

Y_matrix:
{
  1.139139e-011 -3.326005e-011  2.066158e-016
  9.478325e-018 -1.892337e-022  2.267136e-027
  1.567545e-018 -1.500521e-023  3.056208e-028
}

Z_matrix: {
2.456047e-14	-7.589473e-23	6.013398e-28	
-7.121395e-15	5.618770e-06	1.000000e+00	
-1.719213e-14	-5.563585e-06	3.126050e-11	
}

Z_matrix^(-1):
{
4.071583e+13	-7.121395e-15	-5.554183e-04	
-1.258167e+05	5.618770e-06	-1.797402e+05	
9.968884e-01	1.000000e+00	1.009919e+00	
}

Z_matrix * Z_matrix^(-1) [Identity matrix]:
{
1.000000e+00	1.227273e-91	-4.307195e-81	
1.519291e-64	1.000000e+00	1.709202e-64	
-2.183984e-64	7.599828e-75	1.000000e+00	
}

Kr matrix:
{
-1.444424e+05	8.521572e-23	5.256681e-14	
1.412688e+05	6.302760e-06	1.419834e+05	
2.697415e+03	4.394881e-06	-1.405889e+05	
}

Kp matrix:
{
  4.638097e+002  1.973531e-017  5.978168e-006
  3.859179e-004  1.203808e-027  3.400764e-017
  6.382389e-005  2.212989e-028  2.696168e-018
}

First order & pseudo first order rate coefficients for loss rxns:
{
CH3OCH2 loss = -1.444424e+05
IM1 loss = 6.302760e-06
IM2 loss = -1.405889e+05
}

First order & pseudo first order rate coefficients for isomerization rxns:
{
CH3OCH2 -> IM1 = 1.412688e+05
CH3OCH2 -> IM2 = 2.697415e+03
IM1 -> CH3OCH2 = 8.521572e-23
IM1 -> IM2 = 4.394881e-06
IM2 -> CH3OCH2 = 5.256681e-14
IM2 -> IM1 = 1.419834e+05
}

First order & pseudo first order rate coefficients for irreversible rxns:
{
CH3OCH2 -> OH-1+CH2O+CH2O = 4.638097e+02
IM1 -> OH-1+CH2O+CH2O = 1.973531e-17
IM2 -> OH-1+CH2O+CH2O = 5.978168e-06
CH3OCH2 -> OH-2+CH2O+CH2O = 3.859179e-04
IM1 -> OH-2+CH2O+CH2O = 1.203808e-27
IM2 -> OH-2+CH2O+CH2O = 3.400764e-17
CH3OCH2 -> OH-3+cycCH2OCH2O = 6.382389e-05
IM1 -> OH-3+cycCH2OCH2O = 2.212989e-28
IM2 -> OH-3+cycCH2OCH2O = 2.696168e-18
}


Eq fraction matrix:
{
 -1.6578e+027            1            0
            0 -3.0953e-011            1
            1            1            1
}
inverse of Eq fraction matrix:
{
 -6.0322e-028 -6.0322e-028  6.0322e-028
  6.0322e-028           -1            1
  1.8672e-038            1  3.0953e-011
}
Equilibrium Fraction for CH3OCH2 = 6.03217e-028
Equilibrium Fraction for IM1 = 1
Equilibrium Fraction for IM2 = 3.09535e-011

Bartis Widom eigenvalue/eigenvector analysis

Number of sinks in this system: 3

There should be 3 chemically significant eigenvalues (CSEs)
row 572 of the U*U^(-1) matrix does not equal unity. It sums to 8.125130e+08

Y_matrix:
{
  2.341889e-010 -1.797618e-011 -2.046796e-016
  1.363179e-016 -1.057942e-023 -8.623331e-028
  2.072013e-017 -6.693922e-025 -1.124793e-028
}

Z_matrix: {
2.456047e-14	-1.416489e-22	-5.633943e-28	
9.466670e-15	5.618825e-06	-1.000000e+00	
-3.208715e-14	-5.563585e-06	-3.126081e-11	
}

Z_matrix^(-1):
{
4.071583e+13	9.466670e-15	-1.036625e-03	
-2.348225e+05	5.618825e-06	-1.797402e+05	
-9.339830e-01	-1.000000e+00	-1.009929e+00	
}

Z_matrix * Z_matrix^(-1) [Identity matrix]:
{
1.000000e+00	2.703837e-91	-4.474999e-81	
3.181015e-64	1.000000e+00	2.658759e-64	
-2.722165e-64	1.105430e-74	1.000000e+00	
}

Kr matrix:
{
-1.438652e+05	7.804413e-23	9.624580e-14	
1.293799e+05	-1.831642e-06	1.414758e+05	
4.938759e+03	4.379170e-06	-1.400850e+05	
}

Kp matrix:
{
  9.535196e+003  1.036746e-016  3.231042e-006
  5.550295e-003  8.041797e-028  1.760236e-018
  8.436373e-004  1.089143e-028  9.883770e-020
}

First order & pseudo first order rate coefficients for loss rxns:
{
CH3OCH2 loss = -1.438652e+05
IM1 loss = -1.831642e-06
IM2 loss = -1.400850e+05
}

First order & pseudo first order rate coefficients for isomerization rxns:
{
CH3OCH2 -> IM1 = 1.293799e+05
CH3OCH2 -> IM2 = 4.938759e+03
IM1 -> CH3OCH2 = 7.804413e-23
IM1 -> IM2 = 4.379170e-06
IM2 -> CH3OCH2 = 9.624580e-14
IM2 -> IM1 = 1.414758e+05
}

First order & pseudo first order rate coefficients for irreversible rxns:
{
CH3OCH2 -> OH-1+CH2O+CH2O = 9.535196e+03
IM1 -> OH-1+CH2O+CH2O = 1.036746e-16
IM2 -> OH-1+CH2O+CH2O = 3.231042e-06
CH3OCH2 -> OH-2+CH2O+CH2O = 5.550295e-03
IM1 -> OH-2+CH2O+CH2O = 8.041797e-28
IM2 -> OH-2+CH2O+CH2O = 1.760236e-18
CH3OCH2 -> OH-3+cycCH2OCH2O = 8.436373e-04
IM1 -> OH-3+cycCH2OCH2O = 1.089143e-28
IM2 -> OH-3+cycCH2OCH2O = 9.883770e-20
}


Eq fraction matrix:
{
 -1.6578e+027            1            0
            0 -3.0953e-011            1
            1            1            1
}
inverse of Eq fraction matrix:
{
 -6.0322e-028 -6.0322e-028  6.0322e-028
  6.0322e-028           -1            1
  1.8672e-038            1  3.0953e-011
}
Equilibrium Fraction for CH3OCH2 = 6.03217e-028
Equilibrium Fraction for IM1 = 1
Equilibrium Fraction for IM2 = 3.09535e-011

Bartis Widom eigenvalue/eigenvector analysis

Number of sinks in this system: 3

There should be 3 chemically significant eigenvalues (CSEs)
row 572 of the U*U^(-1) matrix does not equal unity. It sums to -2.625998e+08

Y_matrix:
{
  1.591225e-009  1.049848e-012  2.007775e-016
  7.133415e-016  1.016406e-024  1.718419e-028
  9.872232e-017  1.108256e-025  8.972540e-030
}

Z_matrix: {
2.456047e-14	2.192721e-23	3.278408e-28	
-8.331574e-15	-5.619202e-06	1.000000e+00	
-4.967082e-15	5.563585e-06	3.126291e-11	
}

Z_matrix^(-1):
{
4.071583e+13	-8.331574e-15	-1.604693e-04	
3.635046e+04	-5.619202e-06	1.797402e+05	
5.434875e-01	1.000000e+00	1.009996e+00	
}

Z_matrix * Z_matrix^(-1) [Identity matrix]:
{
1.000000e+00	-8.821027e-92	1.129710e-81	
-4.035616e-65	1.000000e+00	-3.038582e-64	
5.035457e-65	-8.290722e-75	1.000000e+00	
}

Kr matrix:
{
-1.414362e+05	4.577741e-23	1.890913e-14	
7.588881e+04	-4.457801e-06	1.380043e+05	
9.703035e+02	4.271714e-06	-1.366384e+05	
}

Kp matrix:
{
  6.478806e+004  1.948782e-016  1.886996e-007
  2.904429e-002  1.601873e-028  6.821957e-020
  4.019561e-003  7.527276e-030  4.077918e-021
}

First order & pseudo first order rate coefficients for loss rxns:
{
CH3OCH2 loss = -1.414362e+05
IM1 loss = -4.457801e-06
IM2 loss = -1.366384e+05
}

First order & pseudo first order rate coefficients for isomerization rxns:
{
CH3OCH2 -> IM1 = 7.588881e+04
CH3OCH2 -> IM2 = 9.703035e+02
IM1 -> CH3OCH2 = 4.577741e-23
IM1 -> IM2 = 4.271714e-06
IM2 -> CH3OCH2 = 1.890913e-14
IM2 -> IM1 = 1.380043e+05
}

First order & pseudo first order rate coefficients for irreversible rxns:
{
CH3OCH2 -> OH-1+CH2O+CH2O = 6.478806e+04
IM1 -> OH-1+CH2O+CH2O = 1.948782e-16
IM2 -> OH-1+CH2O+CH2O = 1.886996e-07
CH3OCH2 -> OH-2+CH2O+CH2O = 2.904429e-02
IM1 -> OH-2+CH2O+CH2O = 1.601873e-28
IM2 -> OH-2+CH2O+CH2O = 6.821957e-20
CH3OCH2 -> OH-3+cycCH2OCH2O = 4.019561e-03
IM1 -> OH-3+cycCH2OCH2O = 7.527276e-30
IM2 -> OH-3+cycCH2OCH2O = 4.077918e-21
}


Eq fraction matrix:
{
 -1.6578e+027            1            0
            0 -3.0953e-011            1
            1            1            1
}
inverse of Eq fraction matrix:
{
 -6.0322e-028 -6.0322e-028  6.0322e-028
  6.0322e-028           -1            1
  1.8672e-038            1  3.0953e-011
}
Equilibrium Fraction for CH3OCH2 = 6.03217e-028
Equilibrium Fraction for IM1 = 1
Equilibrium Fraction for IM2 = 3.09535e-011

Bartis Widom eigenvalue/eigenvector analysis

Number of sinks in this system: 3

There should be 3 chemically significant eigenvalues (CSEs)
row 572 of the U*U^(-1) matrix does not equal unity. It sums to -1.442970e+08

Y_matrix:
{
  2.840107e-009  1.763185e-013 -1.979525e-016
  1.200401e-015  9.826173e-026 -2.922912e-029
  1.567110e-016  9.938380e-027  2.960048e-031
}

Z_matrix: {
2.456047e-14	1.330016e-24	-1.064640e-28	
-4.030431e-15	-5.620020e-06	-1.000000e+00	
-3.012833e-16	5.563585e-06	-3.126746e-11	
}

Z_matrix^(-1):
{
4.071583e+13	-4.030431e-15	-9.733422e-06	
2.204873e+03	-5.620020e-06	1.797402e+05	
-1.764938e-01	-1.000000e+00	-1.010144e+00	
}

Z_matrix * Z_matrix^(-1) [Identity matrix]:
{
1.000000e+00	2.301138e-92	2.771208e-84	
1.899114e-65	1.000000e+00	1.899114e-65	
6.434326e-69	5.388969e-75	1.000000e+00	
}

Kr matrix:
{
-1.392133e+05	1.474494e-23	2.439238e-15	
2.444385e+04	-4.098189e-06	1.303184e+05	
1.251671e+02	4.033808e-06	-1.290098e+05	
}

Kp matrix:
{
  1.156373e+005  1.969616e-016  3.169150e-008
  4.887531e-002  2.383876e-029  5.977578e-021
  6.380619e-003 -9.834716e-031  2.609920e-022
}

First order & pseudo first order rate coefficients for loss rxns:
{
CH3OCH2 loss = -1.392133e+05
IM1 loss = -4.098189e-06
IM2 loss = -1.290098e+05
}

First order & pseudo first order rate coefficients for isomerization rxns:
{
CH3OCH2 -> IM1 = 2.444385e+04
CH3OCH2 -> IM2 = 1.251671e+02
IM1 -> CH3OCH2 = 1.474494e-23
IM1 -> IM2 = 4.033808e-06
IM2 -> CH3OCH2 = 2.439238e-15
IM2 -> IM1 = 1.303184e+05
}

First order & pseudo first order rate coefficients for irreversible rxns:
{
CH3OCH2 -> OH-1+CH2O+CH2O = 1.156373e+05
IM1 -> OH-1+CH2O+CH2O = 1.969616e-16
IM2 -> OH-1+CH2O+CH2O = 3.169150e-08
CH3OCH2 -> OH-2+CH2O+CH2O = 4.887531e-02
IM1 -> OH-2+CH2O+CH2O = 2.383876e-29
IM2 -> OH-2+CH2O+CH2O = 5.977578e-21
CH3OCH2 -> OH-3+cycCH2OCH2O = 6.380619e-03
IM1 -> OH-3+cycCH2OCH2O = -9.834716e-31
IM2 -> OH-3+cycCH2OCH2O = 2.609920e-22
}


Eq fraction matrix:
{
 -1.8058e+024            1            0
            0 -2.1803e-010            1
            1            1            1
}
inverse of Eq fraction matrix:
{
 -5.5376e-025 -5.5376e-025  5.5376e-025
  5.5376e-025           -1            1
  1.2074e-034            1  2.1803e-010
}
Equilibrium Fraction for CH3OCH2 = 5.53762e-025
Equilibrium Fraction for IM1 = 1
Equilibrium Fraction for IM2 = 2.18033e-010

Bartis Widom eigenvalue/eigenvector analysis

Number of sinks in this system: 3

There should be 3 chemically significant eigenvalues (CSEs)
row 572 of the U*U^(-1) matrix does not equal unity. It sums to 6.170985e+06

Y_matrix:
{
  2.421700e-009  4.371423e-011  3.723657e-014
  1.294177e-019  6.656917e-017  2.130795e-024
  1.307679e-020  1.226314e-017  2.158818e-025
}

Z_matrix: {
-5.420333e-22	7.441516e-13	5.535427e-25	
-1.489220e-05	-7.547048e-13	1.000000e+00	
1.476595e-05	1.075539e-14	2.198976e-10	
}

Z_matrix^(-1):
{
-9.788208e+02	-1.489220e-05	6.772337e+04	
1.343812e+12	-7.547048e-13	4.932909e-05	
9.996048e-01	1.000000e+00	1.008550e+00	
}

Z_matrix * Z_matrix^(-1) [Identity matrix]:
{
1.000000e+00	-1.570910e-88	4.262305e-81	
-1.448074e-64	1.000000e+00	4.747784e-65	
-4.093056e-67	2.266131e-74	1.000000e+00	
}

Kr matrix:
{
-1.351033e+05	7.423389e-20	2.508248e-12	
1.340539e+05	2.357981e-05	2.051718e+05	
9.875761e+02	4.473430e-05	-2.034324e+05	
}

Kp matrix:
{
  5.874372e+001  1.172115e-015  1.640057e-004
  8.945647e-005  2.034305e-025  8.764604e-015
  1.647936e-005  2.113033e-026  8.856047e-016
}

First order & pseudo first order rate coefficients for loss rxns:
{
CH3OCH2 loss = -1.351033e+05
IM1 loss = 2.357981e-05
IM2 loss = -2.034324e+05
}

First order & pseudo first order rate coefficients for isomerization rxns:
{
CH3OCH2 -> IM1 = 1.340539e+05
CH3OCH2 -> IM2 = 9.875761e+02
IM1 -> CH3OCH2 = 7.423389e-20
IM1 -> IM2 = 4.473430e-05
IM2 -> CH3OCH2 = 2.508248e-12
IM2 -> IM1 = 2.051718e+05
}

First order & pseudo first order rate coefficients for irreversible rxns:
{
CH3OCH2 -> OH-1+CH2O+CH2O = 5.874372e+01
IM1 -> OH-1+CH2O+CH2O = 1.172115e-15
IM2 -> OH-1+CH2O+CH2O = 1.640057e-04
CH3OCH2 -> OH-2+CH2O+CH2O = 8.945647e-05
IM1 -> OH-2+CH2O+CH2O = 2.034305e-25
IM2 -> OH-2+CH2O+CH2O = 8.764604e-15
CH3OCH2 -> OH-3+cycCH2OCH2O = 1.647936e-05
IM1 -> OH-3+cycCH2OCH2O = 2.113033e-26
IM2 -> OH-3+cycCH2OCH2O = 8.856047e-16
}


Eq fraction matrix:
{
 -1.8058e+024            1            0
            0 -2.1803e-010            1
            1            1            1
}
inverse of Eq fraction matrix:
{
 -5.5376e-025 -5.5376e-025  5.5376e-025
  5.5376e-025           -1            1
  1.2074e-034            1  2.1803e-010
}
Equilibrium Fraction for CH3OCH2 = 5.53762e-025
Equilibrium Fraction for IM1 = 1
Equilibrium Fraction for IM2 = 2.18033e-010

Bartis Widom eigenvalue/eigenvector analysis

Number of sinks in this system: 3

There should be 3 chemically significant eigenvalues (CSEs)
row 572 of the U*U^(-1) matrix does not equal unity. It sums to 3.330808e+06

Y_matrix:
{
  2.233148e-009 -4.133046e-010  3.715461e-014
  7.153259e-020 -5.259966e-016  1.424350e-024
  6.446964e-021 -9.359530e-017  1.227300e-025
}

Z_matrix: {
-1.450987e-21	-7.441516e-13	5.515377e-25	
-1.489223e-05	7.702008e-13	1.000000e+00	
1.476595e-05	-2.879145e-14	2.198979e-10	
}

Z_matrix^(-1):
{
-2.620237e+03	-1.489223e-05	6.772337e+04	
-1.343812e+12	7.702008e-13	-1.320507e-04	
9.959841e-01	1.000000e+00	1.008552e+00	
}

Z_matrix * Z_matrix^(-1) [Identity matrix]:
{
1.000000e+00	9.425459e-89	-4.117236e-81	
2.130568e-64	1.000000e+00	-3.798227e-65	
-2.551200e-66	-7.738007e-75	1.000000e+00	
}

Kr matrix:
{
-1.349987e+05	7.298086e-20	6.712321e-12	
1.317911e+05	-5.465123e-05	2.050452e+05	
2.642852e+03	4.470670e-05	-2.033066e+05	
}

Kp matrix:
{
  5.554038e+002  3.898057e-015  1.512363e-004
  7.068407e-004  3.586653e-025  4.844497e-015
  1.257745e-004  2.664824e-026  4.366225e-016
}

First order & pseudo first order rate coefficients for loss rxns:
{
CH3OCH2 loss = -1.349987e+05
IM1 loss = -5.465123e-05
IM2 loss = -2.033066e+05
}

First order & pseudo first order rate coefficients for isomerization rxns:
{
CH3OCH2 -> IM1 = 1.317911e+05
CH3OCH2 -> IM2 = 2.642852e+03
IM1 -> CH3OCH2 = 7.298086e-20
IM1 -> IM2 = 4.470670e-05
IM2 -> CH3OCH2 = 6.712321e-12
IM2 -> IM1 = 2.050452e+05
}

First order & pseudo first order rate coefficients for irreversible rxns:
{
CH3OCH2 -> OH-1+CH2O+CH2O = 5.554038e+02
IM1 -> OH-1+CH2O+CH2O = 3.898057e-15
IM2 -> OH-1+CH2O+CH2O = 1.512363e-04
CH3OCH2 -> OH-2+CH2O+CH2O = 7.068407e-04
IM1 -> OH-2+CH2O+CH2O = 3.586653e-25
IM2 -> OH-2+CH2O+CH2O = 4.844497e-15
CH3OCH2 -> OH-3+cycCH2OCH2O = 1.257745e-04
IM1 -> OH-3+cycCH2OCH2O = 2.664824e-26
IM2 -> OH-3+cycCH2OCH2O = 4.366225e-16
}


Eq fraction matrix:
{
 -1.8058e+024            1            0
            0 -2.1803e-010            1
            1            1            1
}
inverse of Eq fraction matrix:
{
 -5.5376e-025 -5.5376e-025  5.5376e-025
  5.5376e-025           -1            1
  1.2074e-034            1  2.1803e-010
}
Equilibrium Fraction for CH3OCH2 = 5.53762e-025
Equilibrium Fraction for IM1 = 1
Equilibrium Fraction for IM2 = 2.18033e-010

Bartis Widom eigenvalue/eigenvector analysis

Number of sinks in this system: 3

There should be 3 chemically significant eigenvalues (CSEs)
row 572 of the U*U^(-1) matrix does not equal unity. It sums to -3.353366e+06

Y_matrix:
{
 -1.139429e-009 -7.711176e-009 -3.665692e-014
 -3.295626e-021 -6.694566e-015 -5.103730e-025
 -2.113535e-022 -1.100658e-015 -4.054979e-026
}

Z_matrix: {
2.490058e-21	-7.441516e-13	-5.110301e-25	
1.489243e-05	7.365612e-13	-1.000000e+00	
-1.476595e-05	-4.940939e-14	-2.199009e-10	
}

Z_matrix^(-1):
{
4.496625e+03	1.489243e-05	-6.772337e+04	
-1.343812e+12	7.365612e-13	-2.266139e-04	
-9.228343e-01	-1.000000e+00	-1.008566e+00	
}

Z_matrix * Z_matrix^(-1) [Identity matrix]:
{
1.000000e+00	4.712730e-89	-2.115534e-80	
-7.596454e-65	1.000000e+00	-7.121676e-65	
-7.783038e-66	-3.316289e-75	1.000000e+00	
}

Kr matrix:
{
-1.341659e+05	6.604093e-20	1.146818e-11	
1.192588e+05	-4.255986e-05	2.039035e+05	
4.515385e+03	4.445776e-05	-2.021718e+05	
}

Kp matrix:
{
  1.036237e+004  1.968805e-014  7.716594e-005
  8.996241e-003  4.563621e-025  2.247080e-016
  1.479078e-003  3.659152e-026  1.456299e-017
}

First order & pseudo first order rate coefficients for loss rxns:
{
CH3OCH2 loss = -1.341659e+05
IM1 loss = -4.255986e-05
IM2 loss = -2.021718e+05
}

First order & pseudo first order rate coefficients for isomerization rxns:
{
CH3OCH2 -> IM1 = 1.192588e+05
CH3OCH2 -> IM2 = 4.515385e+03
IM1 -> CH3OCH2 = 6.604093e-20
IM1 -> IM2 = 4.445776e-05
IM2 -> CH3OCH2 = 1.146818e-11
IM2 -> IM1 = 2.039035e+05
}

First order & pseudo first order rate coefficients for irreversible rxns:
{
CH3OCH2 -> OH-1+CH2O+CH2O = 1.036237e+04
IM1 -> OH-1+CH2O+CH2O = 1.968805e-14
IM2 -> OH-1+CH2O+CH2O = 7.716594e-05
CH3OCH2 -> OH-2+CH2O+CH2O = 8.996241e-03
IM1 -> OH-2+CH2O+CH2O = 4.563621e-25
IM2 -> OH-2+CH2O+CH2O = 2.247080e-16
CH3OCH2 -> OH-3+cycCH2OCH2O = 1.479078e-03
IM1 -> OH-3+cycCH2OCH2O = 3.659152e-26
IM2 -> OH-3+cycCH2OCH2O = 1.456299e-17
}


Eq fraction matrix:
{
 -1.8058e+024            1            0
            0 -2.1803e-010            1
            1            1            1
}
inverse of Eq fraction matrix:
{
 -5.5376e-025 -5.5376e-025  5.5376e-025
  5.5376e-025           -1            1
  1.2074e-034            1  2.1803e-010
}
Equilibrium Fraction for CH3OCH2 = 5.53762e-025
Equilibrium Fraction for IM1 = 1
Equilibrium Fraction for IM2 = 2.18033e-010

Bartis Widom eigenvalue/eigenvector analysis

Number of sinks in this system: 3

There should be 3 chemically significant eigenvalues (CSEs)
row 572 of the U*U^(-1) matrix does not equal unity. It sums to -9.665694e+05

Y_matrix:
{
 -6.158424e-011 -4.794813e-008  3.568192e-014
 -1.124324e-022 -3.135008e-014  1.685259e-025
 -5.959929e-024 -4.717173e-015  1.235698e-026
}

Z_matrix: {
5.221751e-22	-7.441516e-13	2.821708e-25	
1.489373e-05	3.896356e-13	1.000000e+00	
-1.476595e-05	-1.036135e-14	2.199201e-10	
}

Z_matrix^(-1):
{
9.429601e+02	1.489373e-05	-6.772337e+04	
-1.343812e+12	3.896356e-13	-4.752184e-05	
5.095530e-01	1.000000e+00	1.008654e+00	
}

Z_matrix * Z_matrix^(-1) [Identity matrix]:
{
1.000000e+00	4.712730e-89	-1.399808e-81	
6.172119e-65	1.000000e+00	2.896148e-64	
-8.289158e-67	5.112612e-74	1.000000e+00	
}

Kr matrix:
{
-1.309950e+05	3.646660e-20	2.257092e-12	
6.585253e+04	-4.288168e-05	1.965065e+05	
8.886882e+02	4.284498e-05	-1.948206e+05	
}

Kp matrix:
{
  6.443328e+004  3.476468e-014  4.170695e-006
  4.212862e-002  1.546363e-025  9.104117e-018
  6.338996e-003  1.043024e-026  6.277952e-019
}

First order & pseudo first order rate coefficients for loss rxns:
{
CH3OCH2 loss = -1.309950e+05
IM1 loss = -4.288168e-05
IM2 loss = -1.948206e+05
}

First order & pseudo first order rate coefficients for isomerization rxns:
{
CH3OCH2 -> IM1 = 6.585253e+04
CH3OCH2 -> IM2 = 8.886882e+02
IM1 -> CH3OCH2 = 3.646660e-20
IM1 -> IM2 = 4.284498e-05
IM2 -> CH3OCH2 = 2.257092e-12
IM2 -> IM1 = 1.965065e+05
}

First order & pseudo first order rate coefficients for irreversible rxns:
{
CH3OCH2 -> OH-1+CH2O+CH2O = 6.443328e+04
IM1 -> OH-1+CH2O+CH2O = 3.476468e-14
IM2 -> OH-1+CH2O+CH2O = 4.170695e-06
CH3OCH2 -> OH-2+CH2O+CH2O = 4.212862e-02
IM1 -> OH-2+CH2O+CH2O = 1.546363e-25
IM2 -> OH-2+CH2O+CH2O = 9.104117e-18
CH3OCH2 -> OH-3+cycCH2OCH2O = 6.338996e-03
IM1 -> OH-3+cycCH2OCH2O = 1.043024e-26
IM2 -> OH-3+cycCH2OCH2O = 6.277952e-19
}


Eq fraction matrix:
{
 -1.8058e+024            1            0
            0 -2.1803e-010            1
            1            1            1
}
inverse of Eq fraction matrix:
{
 -5.5376e-025 -5.5376e-025  5.5376e-025
  5.5376e-025           -1            1
  1.2074e-034            1  2.1803e-010
}
Equilibrium Fraction for CH3OCH2 = 5.53762e-025
Equilibrium Fraction for IM1 = 1
Equilibrium Fraction for IM2 = 2.18033e-010

Bartis Widom eigenvalue/eigenvector analysis

Number of sinks in this system: 3

There should be 3 chemically significant eigenvalues (CSEs)
row 572 of the U*U^(-1) matrix does not equal unity. It sums to -1.236319e+06

Y_matrix:
{
  1.195030e-011  8.133857e-008  3.492606e-014
  6.409061e-024  4.990903e-014  3.607629e-026
 -1.561874e-025  7.124722e-015  2.184711e-027
}

Z_matrix: {
-1.239800e-22	7.441516e-13	8.600542e-26	
-1.489631e-05	-1.180569e-13	1.000000e+00	
1.476595e-05	2.460094e-15	2.199582e-10	
}

Z_matrix^(-1):
{
-2.238870e+02	-1.489631e-05	6.772337e+04	
1.343812e+12	-1.180569e-13	1.128311e-05	
1.553113e-01	1.000000e+00	1.008828e+00	
}

Z_matrix * Z_matrix^(-1) [Identity matrix]:
{
1.000000e+00	-1.963637e-90	-3.513561e-82	
